           4           4
         289
          16
           0           0           0           0
           4
           8
          17
   4000.0000000000000        6000.0000000000000     
   4086.3365823230056        6000.0000000000000     
   4250.0000000000000        6000.0000000000000     
   4413.6634176769940        6000.0000000000000     
   4500.0000000000000        6000.0000000000000     
   4000.0000000000000        6086.3365823230060     
   4086.3365823230056        6086.3365823230060     
   4250.0000000000000        6086.3365823230060     
   4413.6634176769940        6086.3365823230060     
   4500.0000000000000        6086.3365823230060     
   4000.0000000000000        6250.0000000000000     
   4086.3365823230056        6250.0000000000000     
   4250.0000000000000        6250.0000000000000     
   4413.6634176769940        6250.0000000000000     
   4500.0000000000000        6250.0000000000000     
   4000.0000000000000        6413.6634176769940     
   4086.3365823230056        6413.6634176769940     
   4250.0000000000000        6413.6634176769940     
   4413.6634176769940        6413.6634176769940     
   4500.0000000000000        6413.6634176769940     
   4000.0000000000000        6500.0000000000000     
   4086.3365823230056        6500.0000000000000     
   4250.0000000000000        6500.0000000000000     
   4413.6634176769940        6500.0000000000000     
   4500.0000000000000        6500.0000000000000     
   4586.3365823230060        6000.0000000000000     
   4750.0000000000000        6000.0000000000000     
   4913.6634176769940        6000.0000000000000     
   5000.0000000000000        6000.0000000000000     
   4586.3365823230060        6086.3365823230060     
   4750.0000000000000        6086.3365823230060     
   4913.6634176769940        6086.3365823230060     
   5000.0000000000000        6086.3365823230060     
   4586.3365823230060        6250.0000000000000     
   4750.0000000000000        6250.0000000000000     
   4913.6634176769940        6250.0000000000000     
   5000.0000000000000        6250.0000000000000     
   4586.3365823230060        6413.6634176769940     
   4750.0000000000000        6413.6634176769940     
   4913.6634176769940        6413.6634176769940     
   5000.0000000000000        6413.6634176769940     
   4586.3365823230060        6500.0000000000000     
   4750.0000000000000        6500.0000000000000     
   4913.6634176769940        6500.0000000000000     
   5000.0000000000000        6500.0000000000000     
   5086.3365823230060        6000.0000000000000     
   5250.0000000000000        6000.0000000000000     
   5413.6634176769949        6000.0000000000000     
   5500.0000000000000        6000.0000000000000     
   5086.3365823230060        6086.3365823230060     
   5250.0000000000000        6086.3365823230060     
   5413.6634176769949        6086.3365823230060     
   5500.0000000000000        6086.3365823230060     
   5086.3365823230060        6250.0000000000000     
   5250.0000000000000        6250.0000000000000     
   5413.6634176769949        6250.0000000000000     
   5500.0000000000000        6250.0000000000000     
   5086.3365823230060        6413.6634176769940     
   5250.0000000000000        6413.6634176769940     
   5413.6634176769949        6413.6634176769940     
   5500.0000000000000        6413.6634176769940     
   5086.3365823230060        6500.0000000000000     
   5250.0000000000000        6500.0000000000000     
   5413.6634176769949        6500.0000000000000     
   5500.0000000000000        6500.0000000000000     
   5586.3365823230051        6000.0000000000000     
   5750.0000000000000        6000.0000000000000     
   5913.6634176769940        6000.0000000000000     
   6000.0000000000000        6000.0000000000000     
   5586.3365823230051        6086.3365823230060     
   5750.0000000000000        6086.3365823230060     
   5913.6634176769940        6086.3365823230060     
   6000.0000000000000        6086.3365823230060     
   5586.3365823230051        6250.0000000000000     
   5750.0000000000000        6250.0000000000000     
   5913.6634176769940        6250.0000000000000     
   6000.0000000000000        6250.0000000000000     
   5586.3365823230051        6413.6634176769940     
   5750.0000000000000        6413.6634176769940     
   5913.6634176769940        6413.6634176769940     
   6000.0000000000000        6413.6634176769940     
   5586.3365823230051        6500.0000000000000     
   5750.0000000000000        6500.0000000000000     
   5913.6634176769940        6500.0000000000000     
   6000.0000000000000        6500.0000000000000     
   4000.0000000000000        6586.3365823230060     
   4086.3365823230056        6586.3365823230060     
   4250.0000000000000        6586.3365823230060     
   4413.6634176769940        6586.3365823230060     
   4500.0000000000000        6586.3365823230060     
   4000.0000000000000        6750.0000000000000     
   4086.3365823230056        6750.0000000000000     
   4250.0000000000000        6750.0000000000000     
   4413.6634176769940        6750.0000000000000     
   4500.0000000000000        6750.0000000000000     
   4000.0000000000000        6913.6634176769949     
   4086.3365823230056        6913.6634176769949     
   4250.0000000000000        6913.6634176769949     
   4413.6634176769940        6913.6634176769949     
   4500.0000000000000        6913.6634176769949     
   4000.0000000000000        7000.0000000000000     
   4086.3365823230056        7000.0000000000000     
   4250.0000000000000        7000.0000000000000     
   4413.6634176769940        7000.0000000000000     
   4500.0000000000000        7000.0000000000000     
   4586.3365823230060        6586.3365823230060     
   4750.0000000000000        6586.3365823230060     
   4913.6634176769940        6586.3365823230060     
   5000.0000000000000        6586.3365823230060     
   4586.3365823230060        6750.0000000000000     
   4750.0000000000000        6750.0000000000000     
   4913.6634176769940        6750.0000000000000     
   5000.0000000000000        6750.0000000000000     
   4586.3365823230060        6913.6634176769949     
   4750.0000000000000        6913.6634176769949     
   4913.6634176769940        6913.6634176769949     
   5000.0000000000000        6913.6634176769949     
   4586.3365823230060        7000.0000000000000     
   4750.0000000000000        7000.0000000000000     
   4913.6634176769940        7000.0000000000000     
   5000.0000000000000        7000.0000000000000     
   5086.3365823230060        6586.3365823230060     
   5250.0000000000000        6586.3365823230060     
   5413.6634176769949        6586.3365823230060     
   5500.0000000000000        6586.3365823230060     
   5086.3365823230060        6750.0000000000000     
   5250.0000000000000        6750.0000000000000     
   5413.6634176769949        6750.0000000000000     
   5500.0000000000000        6750.0000000000000     
   5086.3365823230060        6913.6634176769949     
   5250.0000000000000        6913.6634176769949     
   5413.6634176769949        6913.6634176769949     
   5500.0000000000000        6913.6634176769949     
   5086.3365823230060        7000.0000000000000     
   5250.0000000000000        7000.0000000000000     
   5413.6634176769949        7000.0000000000000     
   5500.0000000000000        7000.0000000000000     
   5586.3365823230051        6586.3365823230060     
   5750.0000000000000        6586.3365823230060     
   5913.6634176769940        6586.3365823230060     
   6000.0000000000000        6586.3365823230060     
   5586.3365823230051        6750.0000000000000     
   5750.0000000000000        6750.0000000000000     
   5913.6634176769940        6750.0000000000000     
   6000.0000000000000        6750.0000000000000     
   5586.3365823230051        6913.6634176769949     
   5750.0000000000000        6913.6634176769949     
   5913.6634176769940        6913.6634176769949     
   6000.0000000000000        6913.6634176769949     
   5586.3365823230051        7000.0000000000000     
   5750.0000000000000        7000.0000000000000     
   5913.6634176769940        7000.0000000000000     
   6000.0000000000000        7000.0000000000000     
   4000.0000000000000        7086.3365823230070     
   4086.3365823230056        7086.3365823230070     
   4250.0000000000000        7086.3365823230070     
   4413.6634176769940        7086.3365823230070     
   4500.0000000000000        7086.3365823230070     
   4000.0000000000000        7250.0000000000000     
   4086.3365823230056        7250.0000000000000     
   4250.0000000000000        7250.0000000000000     
   4413.6634176769940        7250.0000000000000     
   4500.0000000000000        7250.0000000000000     
   4000.0000000000000        7413.6634176769940     
   4086.3365823230056        7413.6634176769940     
   4250.0000000000000        7413.6634176769940     
   4413.6634176769940        7413.6634176769940     
   4500.0000000000000        7413.6634176769940     
   4000.0000000000000        7500.0000000000000     
   4086.3365823230056        7500.0000000000000     
   4250.0000000000000        7500.0000000000000     
   4413.6634176769940        7500.0000000000000     
   4500.0000000000000        7500.0000000000000     
   4586.3365823230060        7086.3365823230070     
   4750.0000000000000        7086.3365823230070     
   4913.6634176769940        7086.3365823230070     
   5000.0000000000000        7086.3365823230070     
   4586.3365823230060        7250.0000000000000     
   4750.0000000000000        7250.0000000000000     
   4913.6634176769940        7250.0000000000000     
   5000.0000000000000        7250.0000000000000     
   4586.3365823230060        7413.6634176769940     
   4750.0000000000000        7413.6634176769940     
   4913.6634176769940        7413.6634176769940     
   5000.0000000000000        7413.6634176769940     
   4586.3365823230060        7500.0000000000000     
   4750.0000000000000        7500.0000000000000     
   4913.6634176769940        7500.0000000000000     
   5000.0000000000000        7500.0000000000000     
   5086.3365823230060        7086.3365823230070     
   5250.0000000000000        7086.3365823230070     
   5413.6634176769949        7086.3365823230070     
   5500.0000000000000        7086.3365823230070     
   5086.3365823230060        7250.0000000000000     
   5250.0000000000000        7250.0000000000000     
   5413.6634176769949        7250.0000000000000     
   5500.0000000000000        7250.0000000000000     
   5086.3365823230060        7413.6634176769940     
   5250.0000000000000        7413.6634176769940     
   5413.6634176769949        7413.6634176769940     
   5500.0000000000000        7413.6634176769940     
   5086.3365823230060        7500.0000000000000     
   5250.0000000000000        7500.0000000000000     
   5413.6634176769949        7500.0000000000000     
   5500.0000000000000        7500.0000000000000     
   5586.3365823230051        7086.3365823230070     
   5750.0000000000000        7086.3365823230070     
   5913.6634176769940        7086.3365823230070     
   6000.0000000000000        7086.3365823230070     
   5586.3365823230051        7250.0000000000000     
   5750.0000000000000        7250.0000000000000     
   5913.6634176769940        7250.0000000000000     
   6000.0000000000000        7250.0000000000000     
   5586.3365823230051        7413.6634176769940     
   5750.0000000000000        7413.6634176769940     
   5913.6634176769940        7413.6634176769940     
   6000.0000000000000        7413.6634176769940     
   5586.3365823230051        7500.0000000000000     
   5750.0000000000000        7500.0000000000000     
   5913.6634176769940        7500.0000000000000     
   6000.0000000000000        7500.0000000000000     
   4000.0000000000000        7586.3365823230060     
   4086.3365823230056        7586.3365823230060     
   4250.0000000000000        7586.3365823230060     
   4413.6634176769940        7586.3365823230060     
   4500.0000000000000        7586.3365823230060     
   4000.0000000000000        7750.0000000000000     
   4086.3365823230056        7750.0000000000000     
   4250.0000000000000        7750.0000000000000     
   4413.6634176769940        7750.0000000000000     
   4500.0000000000000        7750.0000000000000     
   4000.0000000000000        7913.6634176769949     
   4086.3365823230056        7913.6634176769949     
   4250.0000000000000        7913.6634176769949     
   4413.6634176769940        7913.6634176769949     
   4500.0000000000000        7913.6634176769949     
   4000.0000000000000        8000.0000000000000     
   4086.3365823230056        8000.0000000000000     
   4250.0000000000000        8000.0000000000000     
   4413.6634176769940        8000.0000000000000     
   4500.0000000000000        8000.0000000000000     
   4586.3365823230060        7586.3365823230060     
   4750.0000000000000        7586.3365823230060     
   4913.6634176769940        7586.3365823230060     
   5000.0000000000000        7586.3365823230060     
   4586.3365823230060        7750.0000000000000     
   4750.0000000000000        7750.0000000000000     
   4913.6634176769940        7750.0000000000000     
   5000.0000000000000        7750.0000000000000     
   4586.3365823230060        7913.6634176769949     
   4750.0000000000000        7913.6634176769949     
   4913.6634176769940        7913.6634176769949     
   5000.0000000000000        7913.6634176769949     
   4586.3365823230060        8000.0000000000000     
   4750.0000000000000        8000.0000000000000     
   4913.6634176769940        8000.0000000000000     
   5000.0000000000000        8000.0000000000000     
   5086.3365823230060        7586.3365823230060     
   5250.0000000000000        7586.3365823230060     
   5413.6634176769949        7586.3365823230060     
   5500.0000000000000        7586.3365823230060     
   5086.3365823230060        7750.0000000000000     
   5250.0000000000000        7750.0000000000000     
   5413.6634176769949        7750.0000000000000     
   5500.0000000000000        7750.0000000000000     
   5086.3365823230060        7913.6634176769949     
   5250.0000000000000        7913.6634176769949     
   5413.6634176769949        7913.6634176769949     
   5500.0000000000000        7913.6634176769949     
   5086.3365823230060        8000.0000000000000     
   5250.0000000000000        8000.0000000000000     
   5413.6634176769949        8000.0000000000000     
   5500.0000000000000        8000.0000000000000     
   5586.3365823230051        7586.3365823230060     
   5750.0000000000000        7586.3365823230060     
   5913.6634176769940        7586.3365823230060     
   6000.0000000000000        7586.3365823230060     
   5586.3365823230051        7750.0000000000000     
   5750.0000000000000        7750.0000000000000     
   5913.6634176769940        7750.0000000000000     
   6000.0000000000000        7750.0000000000000     
   5586.3365823230051        7913.6634176769949     
   5750.0000000000000        7913.6634176769949     
   5913.6634176769940        7913.6634176769949     
   6000.0000000000000        7913.6634176769949     
   5586.3365823230051        8000.0000000000000     
   5750.0000000000000        8000.0000000000000     
   5913.6634176769940        8000.0000000000000     
   6000.0000000000000        8000.0000000000000     
           1           2           3           4           5
           6           7           8           9          10
          11          12          13          14          15
          16          17          18          19          20
          21          22          23          24          25
           5          26          27          28          29
          10          30          31          32          33
          15          34          35          36          37
          20          38          39          40          41
          25          42          43          44          45
          29          46          47          48          49
          33          50          51          52          53
          37          54          55          56          57
          41          58          59          60          61
          45          62          63          64          65
          49          66          67          68          69
          53          70          71          72          73
          57          74          75          76          77
          61          78          79          80          81
          65          82          83          84          85
          21          22          23          24          25
          86          87          88          89          90
          91          92          93          94          95
          96          97          98          99         100
         101         102         103         104         105
          25          42          43          44          45
          90         106         107         108         109
          95         110         111         112         113
         100         114         115         116         117
         105         118         119         120         121
          45          62          63          64          65
         109         122         123         124         125
         113         126         127         128         129
         117         130         131         132         133
         121         134         135         136         137
          65          82          83          84          85
         125         138         139         140         141
         129         142         143         144         145
         133         146         147         148         149
         137         150         151         152         153
         101         102         103         104         105
         154         155         156         157         158
         159         160         161         162         163
         164         165         166         167         168
         169         170         171         172         173
         105         118         119         120         121
         158         174         175         176         177
         163         178         179         180         181
         168         182         183         184         185
         173         186         187         188         189
         121         134         135         136         137
         177         190         191         192         193
         181         194         195         196         197
         185         198         199         200         201
         189         202         203         204         205
         137         150         151         152         153
         193         206         207         208         209
         197         210         211         212         213
         201         214         215         216         217
         205         218         219         220         221
         169         170         171         172         173
         222         223         224         225         226
         227         228         229         230         231
         232         233         234         235         236
         237         238         239         240         241
         173         186         187         188         189
         226         242         243         244         245
         231         246         247         248         249
         236         250         251         252         253
         241         254         255         256         257
         189         202         203         204         205
         245         258         259         260         261
         249         262         263         264         265
         253         266         267         268         269
         257         270         271         272         273
         205         218         219         220         221
         261         274         275         276         277
         265         278         279         280         281
         269         282         283         284         285
         273         286         287         288         289
           1         290         579
           2         291         580
           3         292         581
           4         293         582
           5         294         583
           6         295         584
           7         296         585
           8         297         586
           9         298         587
          10         299         588
          11         300         589
          12         301         590
          13         302         591
          14         303         592
          15         304         593
          16         305         594
          17         306         595
          18         307         596
          19         308         597
          20         309         598
          21         310         599
          22         311         600
          23         312         601
          24         313         602
          25         314         603
          26         315         604
          27         316         605
          28         317         606
          29         318         607
          30         319         608
          31         320         609
          32         321         610
          33         322         611
          34         323         612
          35         324         613
          36         325         614
          37         326         615
          38         327         616
          39         328         617
          40         329         618
          41         330         619
          42         331         620
          43         332         621
          44         333         622
          45         334         623
          46         335         624
          47         336         625
          48         337         626
          49         338         627
          50         339         628
          51         340         629
          52         341         630
          53         342         631
          54         343         632
          55         344         633
          56         345         634
          57         346         635
          58         347         636
          59         348         637
          60         349         638
          61         350         639
          62         351         640
          63         352         641
          64         353         642
          65         354         643
          66         355         644
          67         356         645
          68         357         646
          69         358         647
          70         359         648
          71         360         649
          72         361         650
          73         362         651
          74         363         652
          75         364         653
          76         365         654
          77         366         655
          78         367         656
          79         368         657
          80         369         658
          81         370         659
          82         371         660
          83         372         661
          84         373         662
          85         374         663
          86         375         664
          87         376         665
          88         377         666
          89         378         667
          90         379         668
          91         380         669
          92         381         670
          93         382         671
          94         383         672
          95         384         673
          96         385         674
          97         386         675
          98         387         676
          99         388         677
         100         389         678
         101         390         679
         102         391         680
         103         392         681
         104         393         682
         105         394         683
         106         395         684
         107         396         685
         108         397         686
         109         398         687
         110         399         688
         111         400         689
         112         401         690
         113         402         691
         114         403         692
         115         404         693
         116         405         694
         117         406         695
         118         407         696
         119         408         697
         120         409         698
         121         410         699
         122         411         700
         123         412         701
         124         413         702
         125         414         703
         126         415         704
         127         416         705
         128         417         706
         129         418         707
         130         419         708
         131         420         709
         132         421         710
         133         422         711
         134         423         712
         135         424         713
         136         425         714
         137         426         715
         138         427         716
         139         428         717
         140         429         718
         141         430         719
         142         431         720
         143         432         721
         144         433         722
         145         434         723
         146         435         724
         147         436         725
         148         437         726
         149         438         727
         150         439         728
         151         440         729
         152         441         730
         153         442         731
         154         443         732
         155         444         733
         156         445         734
         157         446         735
         158         447         736
         159         448         737
         160         449         738
         161         450         739
         162         451         740
         163         452         741
         164         453         742
         165         454         743
         166         455         744
         167         456         745
         168         457         746
         169         458         747
         170         459         748
         171         460         749
         172         461         750
         173         462         751
         174         463         752
         175         464         753
         176         465         754
         177         466         755
         178         467         756
         179         468         757
         180         469         758
         181         470         759
         182         471         760
         183         472         761
         184         473         762
         185         474         763
         186         475         764
         187         476         765
         188         477         766
         189         478         767
         190         479         768
         191         480         769
         192         481         770
         193         482         771
         194         483         772
         195         484         773
         196         485         774
         197         486         775
         198         487         776
         199         488         777
         200         489         778
         201         490         779
         202         491         780
         203         492         781
         204         493         782
         205         494         783
         206         495         784
         207         496         785
         208         497         786
         209         498         787
         210         499         788
         211         500         789
         212         501         790
         213         502         791
         214         503         792
         215         504         793
         216         505         794
         217         506         795
         218         507         796
         219         508         797
         220         509         798
         221         510         799
         222         511         800
         223         512         801
         224         513         802
         225         514         803
         226         515         804
         227         516         805
         228         517         806
         229         518         807
         230         519         808
         231         520         809
         232         521         810
         233         522         811
         234         523         812
         235         524         813
         236         525         814
         237         526         815
         238         527         816
         239         528         817
         240         529         818
         241         530         819
         242         531         820
         243         532         821
         244         533         822
         245         534         823
         246         535         824
         247         536         825
         248         537         826
         249         538         827
         250         539         828
         251         540         829
         252         541         830
         253         542         831
         254         543         832
         255         544         833
         256         545         834
         257         546         835
         258         547         836
         259         548         837
         260         549         838
         261         550         839
         262         551         840
         263         552         841
         264         553         842
         265         554         843
         266         555         844
         267         556         845
         268         557         846
         269         558         847
         270         559         848
         271         560         849
         272         561         850
         273         562         851
         274         563         852
         275         564         853
         276         565         854
         277         566         855
         278         567         856
         279         568         857
         280         569         858
         281         570         859
         282         571         860
         283         572         861
         284         573         862
         285         574         863
         286         575         864
         287         576         865
         288         577         866
         289         578         867
   3380.0000000000000        130000000000.00000        68000000000.000000     
   3380.0000000000000        130000000000.00000        68000000000.000000     
   3380.0000000000000        130000000000.00000        68000000000.000000     
   3380.0000000000000        130000000000.00000        68000000000.000000     
   3380.0000000000000        130000000000.00000        68000000000.000000     
   3380.0000000000000        130000000000.00000        68000000000.000000     
   3380.0000000000000        130000000000.00000        68000000000.000000     
   3380.0000000000000        130000000000.00000        68000000000.000000     
   3380.0000000000000        130000000000.00000        68000000000.000000     
   3380.0000000000000        130000000000.00000        68000000000.000000     
   3380.0000000000000        130000000000.00000        68000000000.000000     
   3380.0000000000000        130000000000.00000        68000000000.000000     
   3380.0000000000000        130000000000.00000        68000000000.000000     
   3380.0000000000000        130000000000.00000        68000000000.000000     
   3380.0000000000000        130000000000.00000        68000000000.000000     
   3380.0000000000000        130000000000.00000        68000000000.000000     
   3380.0000000000000        130000000000.00000        68000000000.000000     
   3380.0000000000000        130000000000.00000        68000000000.000000     
   3380.0000000000000        130000000000.00000        68000000000.000000     
   3380.0000000000000        130000000000.00000        68000000000.000000     
   3380.0000000000000        130000000000.00000        68000000000.000000     
   3380.0000000000000        130000000000.00000        68000000000.000000     
   3380.0000000000000        130000000000.00000        68000000000.000000     
   3380.0000000000000        130000000000.00000        68000000000.000000     
   3380.0000000000000        130000000000.00000        68000000000.000000     
   3380.0000000000000        130000000000.00000        68000000000.000000     
   3380.0000000000000        130000000000.00000        68000000000.000000     
   3380.0000000000000        130000000000.00000        68000000000.000000     
   3380.0000000000000        130000000000.00000        68000000000.000000     
   3380.0000000000000        130000000000.00000        68000000000.000000     
   3380.0000000000000        130000000000.00000        68000000000.000000     
   3380.0000000000000        130000000000.00000        68000000000.000000     
   3380.0000000000000        130000000000.00000        68000000000.000000     
   3380.0000000000000        130000000000.00000        68000000000.000000     
   3380.0000000000000        130000000000.00000        68000000000.000000     
   3380.0000000000000        130000000000.00000        68000000000.000000     
   3380.0000000000000        130000000000.00000        68000000000.000000     
   3380.0000000000000        130000000000.00000        68000000000.000000     
   3380.0000000000000        130000000000.00000        68000000000.000000     
   3380.0000000000000        130000000000.00000        68000000000.000000     
   3380.0000000000000        130000000000.00000        68000000000.000000     
   3380.0000000000000        130000000000.00000        68000000000.000000     
   3380.0000000000000        130000000000.00000        68000000000.000000     
   3380.0000000000000        130000000000.00000        68000000000.000000     
   3380.0000000000000        130000000000.00000        68000000000.000000     
   3380.0000000000000        130000000000.00000        68000000000.000000     
   3380.0000000000000        130000000000.00000        68000000000.000000     
   3380.0000000000000        130000000000.00000        68000000000.000000     
   3380.0000000000000        130000000000.00000        68000000000.000000     
   3380.0000000000000        130000000000.00000        68000000000.000000     
   3380.0000000000000        130000000000.00000        68000000000.000000     
   3380.0000000000000        130000000000.00000        68000000000.000000     
   3380.0000000000000        130000000000.00000        68000000000.000000     
   3380.0000000000000        130000000000.00000        68000000000.000000     
   3380.0000000000000        130000000000.00000        68000000000.000000     
   3380.0000000000000        130000000000.00000        68000000000.000000     
   3380.0000000000000        130000000000.00000        68000000000.000000     
   3380.0000000000000        130000000000.00000        68000000000.000000     
   3380.0000000000000        130000000000.00000        68000000000.000000     
   3380.0000000000000        130000000000.00000        68000000000.000000     
   3380.0000000000000        130000000000.00000        68000000000.000000     
   3380.0000000000000        130000000000.00000        68000000000.000000     
   3380.0000000000000        130000000000.00000        68000000000.000000     
   3380.0000000000000        130000000000.00000        68000000000.000000     
   3380.0000000000000        130000000000.00000        68000000000.000000     
   3380.0000000000000        130000000000.00000        68000000000.000000     
   3380.0000000000000        130000000000.00000        68000000000.000000     
   3380.0000000000000        130000000000.00000        68000000000.000000     
   3380.0000000000000        130000000000.00000        68000000000.000000     
   3380.0000000000000        130000000000.00000        68000000000.000000     
   3380.0000000000000        130000000000.00000        68000000000.000000     
   3380.0000000000000        130000000000.00000        68000000000.000000     
   3380.0000000000000        130000000000.00000        68000000000.000000     
   3380.0000000000000        130000000000.00000        68000000000.000000     
   3380.0000000000000        130000000000.00000        68000000000.000000     
   3380.0000000000000        130000000000.00000        68000000000.000000     
   3380.0000000000000        130000000000.00000        68000000000.000000     
   3380.0000000000000        130000000000.00000        68000000000.000000     
   3380.0000000000000        130000000000.00000        68000000000.000000     
   3380.0000000000000        130000000000.00000        68000000000.000000     
   3380.0000000000000        130000000000.00000        68000000000.000000     
   3380.0000000000000        130000000000.00000        68000000000.000000     
   3380.0000000000000        130000000000.00000        68000000000.000000     
   3380.0000000000000        130000000000.00000        68000000000.000000     
   3380.0000000000000        130000000000.00000        68000000000.000000     
   3380.0000000000000        130000000000.00000        68000000000.000000     
   3380.0000000000000        130000000000.00000        68000000000.000000     
   3380.0000000000000        130000000000.00000        68000000000.000000     
   3380.0000000000000        130000000000.00000        68000000000.000000     
   3380.0000000000000        130000000000.00000        68000000000.000000     
   3380.0000000000000        130000000000.00000        68000000000.000000     
   3380.0000000000000        130000000000.00000        68000000000.000000     
   3380.0000000000000        130000000000.00000        68000000000.000000     
   3380.0000000000000        130000000000.00000        68000000000.000000     
   3380.0000000000000        130000000000.00000        68000000000.000000     
   3380.0000000000000        130000000000.00000        68000000000.000000     
   3380.0000000000000        130000000000.00000        68000000000.000000     
   3380.0000000000000        130000000000.00000        68000000000.000000     
   3380.0000000000000        130000000000.00000        68000000000.000000     
   3380.0000000000000        130000000000.00000        68000000000.000000     
   3380.0000000000000        130000000000.00000        68000000000.000000     
   3380.0000000000000        130000000000.00000        68000000000.000000     
   3380.0000000000000        130000000000.00000        68000000000.000000     
   3380.0000000000000        130000000000.00000        68000000000.000000     
   3380.0000000000000        130000000000.00000        68000000000.000000     
   3380.0000000000000        130000000000.00000        68000000000.000000     
   3380.0000000000000        130000000000.00000        68000000000.000000     
   3380.0000000000000        130000000000.00000        68000000000.000000     
   3380.0000000000000        130000000000.00000        68000000000.000000     
   3380.0000000000000        130000000000.00000        68000000000.000000     
   3380.0000000000000        130000000000.00000        68000000000.000000     
   3380.0000000000000        130000000000.00000        68000000000.000000     
   3380.0000000000000        130000000000.00000        68000000000.000000     
   3380.0000000000000        130000000000.00000        68000000000.000000     
   3380.0000000000000        130000000000.00000        68000000000.000000     
   3380.0000000000000        130000000000.00000        68000000000.000000     
   3380.0000000000000        130000000000.00000        68000000000.000000     
   3380.0000000000000        130000000000.00000        68000000000.000000     
   3380.0000000000000        130000000000.00000        68000000000.000000     
   3380.0000000000000        130000000000.00000        68000000000.000000     
   3380.0000000000000        130000000000.00000        68000000000.000000     
   3380.0000000000000        130000000000.00000        68000000000.000000     
   3380.0000000000000        130000000000.00000        68000000000.000000     
   3380.0000000000000        130000000000.00000        68000000000.000000     
   3380.0000000000000        130000000000.00000        68000000000.000000     
   3380.0000000000000        130000000000.00000        68000000000.000000     
   3380.0000000000000        130000000000.00000        68000000000.000000     
   3380.0000000000000        130000000000.00000        68000000000.000000     
   3380.0000000000000        130000000000.00000        68000000000.000000     
   3380.0000000000000        130000000000.00000        68000000000.000000     
   3380.0000000000000        130000000000.00000        68000000000.000000     
   3380.0000000000000        130000000000.00000        68000000000.000000     
   3380.0000000000000        130000000000.00000        68000000000.000000     
   3380.0000000000000        130000000000.00000        68000000000.000000     
   3380.0000000000000        130000000000.00000        68000000000.000000     
   3380.0000000000000        130000000000.00000        68000000000.000000     
   3380.0000000000000        130000000000.00000        68000000000.000000     
   3380.0000000000000        130000000000.00000        68000000000.000000     
   3380.0000000000000        130000000000.00000        68000000000.000000     
   3380.0000000000000        130000000000.00000        68000000000.000000     
   3380.0000000000000        130000000000.00000        68000000000.000000     
   3380.0000000000000        130000000000.00000        68000000000.000000     
   3380.0000000000000        130000000000.00000        68000000000.000000     
   3380.0000000000000        130000000000.00000        68000000000.000000     
   3380.0000000000000        130000000000.00000        68000000000.000000     
   3380.0000000000000        130000000000.00000        68000000000.000000     
   3380.0000000000000        130000000000.00000        68000000000.000000     
   3380.0000000000000        130000000000.00000        68000000000.000000     
   3380.0000000000000        130000000000.00000        68000000000.000000     
   3380.0000000000000        130000000000.00000        68000000000.000000     
   3380.0000000000000        130000000000.00000        68000000000.000000     
   3380.0000000000000        130000000000.00000        68000000000.000000     
   3380.0000000000000        130000000000.00000        68000000000.000000     
   3380.0000000000000        130000000000.00000        68000000000.000000     
   3380.0000000000000        130000000000.00000        68000000000.000000     
   3380.0000000000000        130000000000.00000        68000000000.000000     
   3380.0000000000000        130000000000.00000        68000000000.000000     
   3380.0000000000000        130000000000.00000        68000000000.000000     
   3380.0000000000000        130000000000.00000        68000000000.000000     
   3380.0000000000000        130000000000.00000        68000000000.000000     
   3380.0000000000000        130000000000.00000        68000000000.000000     
   3380.0000000000000        130000000000.00000        68000000000.000000     
   3380.0000000000000        130000000000.00000        68000000000.000000     
   3380.0000000000000        130000000000.00000        68000000000.000000     
   3380.0000000000000        130000000000.00000        68000000000.000000     
   3380.0000000000000        130000000000.00000        68000000000.000000     
   3380.0000000000000        130000000000.00000        68000000000.000000     
   3380.0000000000000        130000000000.00000        68000000000.000000     
   3380.0000000000000        130000000000.00000        68000000000.000000     
   3380.0000000000000        130000000000.00000        68000000000.000000     
   3380.0000000000000        130000000000.00000        68000000000.000000     
   3380.0000000000000        130000000000.00000        68000000000.000000     
   3380.0000000000000        130000000000.00000        68000000000.000000     
   3380.0000000000000        130000000000.00000        68000000000.000000     
   3380.0000000000000        130000000000.00000        68000000000.000000     
   3380.0000000000000        130000000000.00000        68000000000.000000     
   3380.0000000000000        130000000000.00000        68000000000.000000     
   3380.0000000000000        130000000000.00000        68000000000.000000     
   3380.0000000000000        130000000000.00000        68000000000.000000     
   3380.0000000000000        130000000000.00000        68000000000.000000     
   3380.0000000000000        130000000000.00000        68000000000.000000     
   3380.0000000000000        130000000000.00000        68000000000.000000     
   3380.0000000000000        130000000000.00000        68000000000.000000     
   3380.0000000000000        130000000000.00000        68000000000.000000     
   3380.0000000000000        130000000000.00000        68000000000.000000     
   3380.0000000000000        130000000000.00000        68000000000.000000     
   3380.0000000000000        130000000000.00000        68000000000.000000     
   3380.0000000000000        130000000000.00000        68000000000.000000     
   3380.0000000000000        130000000000.00000        68000000000.000000     
   3380.0000000000000        130000000000.00000        68000000000.000000     
   3380.0000000000000        130000000000.00000        68000000000.000000     
   3380.0000000000000        130000000000.00000        68000000000.000000     
   3380.0000000000000        130000000000.00000        68000000000.000000     
   3380.0000000000000        130000000000.00000        68000000000.000000     
   3380.0000000000000        130000000000.00000        68000000000.000000     
   3380.0000000000000        130000000000.00000        68000000000.000000     
   3380.0000000000000        130000000000.00000        68000000000.000000     
   3380.0000000000000        130000000000.00000        68000000000.000000     
   3380.0000000000000        130000000000.00000        68000000000.000000     
   3380.0000000000000        130000000000.00000        68000000000.000000     
   3380.0000000000000        130000000000.00000        68000000000.000000     
   3380.0000000000000        130000000000.00000        68000000000.000000     
   3380.0000000000000        130000000000.00000        68000000000.000000     
   3380.0000000000000        130000000000.00000        68000000000.000000     
   3380.0000000000000        130000000000.00000        68000000000.000000     
   3380.0000000000000        130000000000.00000        68000000000.000000     
   3380.0000000000000        130000000000.00000        68000000000.000000     
   3380.0000000000000        130000000000.00000        68000000000.000000     
   3380.0000000000000        130000000000.00000        68000000000.000000     
   3380.0000000000000        130000000000.00000        68000000000.000000     
   3380.0000000000000        130000000000.00000        68000000000.000000     
   3380.0000000000000        130000000000.00000        68000000000.000000     
   3380.0000000000000        130000000000.00000        68000000000.000000     
   3380.0000000000000        130000000000.00000        68000000000.000000     
   3380.0000000000000        130000000000.00000        68000000000.000000     
   3380.0000000000000        130000000000.00000        68000000000.000000     
   3380.0000000000000        130000000000.00000        68000000000.000000     
   3380.0000000000000        130000000000.00000        68000000000.000000     
   3380.0000000000000        130000000000.00000        68000000000.000000     
   3380.0000000000000        130000000000.00000        68000000000.000000     
   3380.0000000000000        130000000000.00000        68000000000.000000     
   3380.0000000000000        130000000000.00000        68000000000.000000     
   3380.0000000000000        130000000000.00000        68000000000.000000     
   3380.0000000000000        130000000000.00000        68000000000.000000     
   3380.0000000000000        130000000000.00000        68000000000.000000     
   3380.0000000000000        130000000000.00000        68000000000.000000     
   3380.0000000000000        130000000000.00000        68000000000.000000     
   3380.0000000000000        130000000000.00000        68000000000.000000     
   3380.0000000000000        130000000000.00000        68000000000.000000     
   3380.0000000000000        130000000000.00000        68000000000.000000     
   3380.0000000000000        130000000000.00000        68000000000.000000     
   3380.0000000000000        130000000000.00000        68000000000.000000     
   3380.0000000000000        130000000000.00000        68000000000.000000     
   3380.0000000000000        130000000000.00000        68000000000.000000     
   3380.0000000000000        130000000000.00000        68000000000.000000     
   3380.0000000000000        130000000000.00000        68000000000.000000     
   3380.0000000000000        130000000000.00000        68000000000.000000     
   3380.0000000000000        130000000000.00000        68000000000.000000     
   3380.0000000000000        130000000000.00000        68000000000.000000     
   3380.0000000000000        130000000000.00000        68000000000.000000     
   3380.0000000000000        130000000000.00000        68000000000.000000     
   3380.0000000000000        130000000000.00000        68000000000.000000     
   3380.0000000000000        130000000000.00000        68000000000.000000     
   3380.0000000000000        130000000000.00000        68000000000.000000     
   3380.0000000000000        130000000000.00000        68000000000.000000     
   3380.0000000000000        130000000000.00000        68000000000.000000     
   3380.0000000000000        130000000000.00000        68000000000.000000     
   3380.0000000000000        130000000000.00000        68000000000.000000     
   3380.0000000000000        130000000000.00000        68000000000.000000     
   3380.0000000000000        130000000000.00000        68000000000.000000     
   3380.0000000000000        130000000000.00000        68000000000.000000     
   3380.0000000000000        130000000000.00000        68000000000.000000     
   3380.0000000000000        130000000000.00000        68000000000.000000     
   3380.0000000000000        130000000000.00000        68000000000.000000     
   3380.0000000000000        130000000000.00000        68000000000.000000     
   3380.0000000000000        130000000000.00000        68000000000.000000     
   3380.0000000000000        130000000000.00000        68000000000.000000     
   3380.0000000000000        130000000000.00000        68000000000.000000     
   3380.0000000000000        130000000000.00000        68000000000.000000     
   3380.0000000000000        130000000000.00000        68000000000.000000     
   3380.0000000000000        130000000000.00000        68000000000.000000     
   3380.0000000000000        130000000000.00000        68000000000.000000     
   3380.0000000000000        130000000000.00000        68000000000.000000     
   3380.0000000000000        130000000000.00000        68000000000.000000     
   3380.0000000000000        130000000000.00000        68000000000.000000     
   3380.0000000000000        130000000000.00000        68000000000.000000     
   3380.0000000000000        130000000000.00000        68000000000.000000     
   3380.0000000000000        130000000000.00000        68000000000.000000     
   3380.0000000000000        130000000000.00000        68000000000.000000     
   3380.0000000000000        130000000000.00000        68000000000.000000     
   3380.0000000000000        130000000000.00000        68000000000.000000     
   3380.0000000000000        130000000000.00000        68000000000.000000     
   3380.0000000000000        130000000000.00000        68000000000.000000     
   3380.0000000000000        130000000000.00000        68000000000.000000     
   3380.0000000000000        130000000000.00000        68000000000.000000     
   3380.0000000000000        130000000000.00000        68000000000.000000     
   3380.0000000000000        130000000000.00000        68000000000.000000     
   3380.0000000000000        130000000000.00000        68000000000.000000     
   3380.0000000000000        130000000000.00000        68000000000.000000     
   3380.0000000000000        130000000000.00000        68000000000.000000     
   3380.0000000000000        130000000000.00000        68000000000.000000     
   3380.0000000000000        130000000000.00000        68000000000.000000     
   3380.0000000000000        130000000000.00000        68000000000.000000     
   3380.0000000000000        130000000000.00000        68000000000.000000     
   3380.0000000000000        130000000000.00000        68000000000.000000     
   3380.0000000000000        130000000000.00000        68000000000.000000     
   3380.0000000000000        130000000000.00000        68000000000.000000     
   3380.0000000000000        130000000000.00000        68000000000.000000     
   3380.0000000000000        130000000000.00000        68000000000.000000     
   3380.0000000000000        130000000000.00000        68000000000.000000     
   3380.0000000000000        130000000000.00000        68000000000.000000     
   3380.0000000000000        130000000000.00000        68000000000.000000     
   3380.0000000000000        130000000000.00000        68000000000.000000     
   3380.0000000000000        130000000000.00000        68000000000.000000     
   3380.0000000000000        130000000000.00000        68000000000.000000     
   3380.0000000000000        130000000000.00000        68000000000.000000     
   3380.0000000000000        130000000000.00000        68000000000.000000     
   3380.0000000000000        130000000000.00000        68000000000.000000     
   3380.0000000000000        130000000000.00000        68000000000.000000     
   3380.0000000000000        130000000000.00000        68000000000.000000     
   3380.0000000000000        130000000000.00000        68000000000.000000     
   3380.0000000000000        130000000000.00000        68000000000.000000     
   3380.0000000000000        130000000000.00000        68000000000.000000     
   3380.0000000000000        130000000000.00000        68000000000.000000     
   3380.0000000000000        130000000000.00000        68000000000.000000     
   3380.0000000000000        130000000000.00000        68000000000.000000     
   3380.0000000000000        130000000000.00000        68000000000.000000     
   3380.0000000000000        130000000000.00000        68000000000.000000     
   3380.0000000000000        130000000000.00000        68000000000.000000     
   3380.0000000000000        130000000000.00000        68000000000.000000     
   3380.0000000000000        130000000000.00000        68000000000.000000     
   3380.0000000000000        130000000000.00000        68000000000.000000     
   3380.0000000000000        130000000000.00000        68000000000.000000     
   3380.0000000000000        130000000000.00000        68000000000.000000     
   3380.0000000000000        130000000000.00000        68000000000.000000     
   3380.0000000000000        130000000000.00000        68000000000.000000     
   3380.0000000000000        130000000000.00000        68000000000.000000     
   3380.0000000000000        130000000000.00000        68000000000.000000     
   3380.0000000000000        130000000000.00000        68000000000.000000     
   3380.0000000000000        130000000000.00000        68000000000.000000     
   3380.0000000000000        130000000000.00000        68000000000.000000     
   3380.0000000000000        130000000000.00000        68000000000.000000     
   3380.0000000000000        130000000000.00000        68000000000.000000     
   3380.0000000000000        130000000000.00000        68000000000.000000     
   3380.0000000000000        130000000000.00000        68000000000.000000     
   3380.0000000000000        130000000000.00000        68000000000.000000     
   3380.0000000000000        130000000000.00000        68000000000.000000     
   3380.0000000000000        130000000000.00000        68000000000.000000     
   3380.0000000000000        130000000000.00000        68000000000.000000     
   3380.0000000000000        130000000000.00000        68000000000.000000     
   3380.0000000000000        130000000000.00000        68000000000.000000     
   3380.0000000000000        130000000000.00000        68000000000.000000     
   3380.0000000000000        130000000000.00000        68000000000.000000     
   3380.0000000000000        130000000000.00000        68000000000.000000     
   3380.0000000000000        130000000000.00000        68000000000.000000     
   3380.0000000000000        130000000000.00000        68000000000.000000     
   3380.0000000000000        130000000000.00000        68000000000.000000     
   3380.0000000000000        130000000000.00000        68000000000.000000     
   3380.0000000000000        130000000000.00000        68000000000.000000     
   3380.0000000000000        130000000000.00000        68000000000.000000     
   3380.0000000000000        130000000000.00000        68000000000.000000     
   3380.0000000000000        130000000000.00000        68000000000.000000     
   3380.0000000000000        130000000000.00000        68000000000.000000     
   3380.0000000000000        130000000000.00000        68000000000.000000     
   3380.0000000000000        130000000000.00000        68000000000.000000     
   3380.0000000000000        130000000000.00000        68000000000.000000     
   3380.0000000000000        130000000000.00000        68000000000.000000     
   3380.0000000000000        130000000000.00000        68000000000.000000     
   3380.0000000000000        130000000000.00000        68000000000.000000     
   3380.0000000000000        130000000000.00000        68000000000.000000     
   3380.0000000000000        130000000000.00000        68000000000.000000     
   3380.0000000000000        130000000000.00000        68000000000.000000     
   3380.0000000000000        130000000000.00000        68000000000.000000     
   3380.0000000000000        130000000000.00000        68000000000.000000     
   3380.0000000000000        130000000000.00000        68000000000.000000     
   3380.0000000000000        130000000000.00000        68000000000.000000     
   3380.0000000000000        130000000000.00000        68000000000.000000     
   3380.0000000000000        130000000000.00000        68000000000.000000     
   3380.0000000000000        130000000000.00000        68000000000.000000     
   3380.0000000000000        130000000000.00000        68000000000.000000     
   3380.0000000000000        130000000000.00000        68000000000.000000     
   3380.0000000000000        130000000000.00000        68000000000.000000     
   3380.0000000000000        130000000000.00000        68000000000.000000     
   3380.0000000000000        130000000000.00000        68000000000.000000     
   3380.0000000000000        130000000000.00000        68000000000.000000     
   3380.0000000000000        130000000000.00000        68000000000.000000     
   3380.0000000000000        130000000000.00000        68000000000.000000     
   3380.0000000000000        130000000000.00000        68000000000.000000     
   3380.0000000000000        130000000000.00000        68000000000.000000     
   3380.0000000000000        130000000000.00000        68000000000.000000     
   3380.0000000000000        130000000000.00000        68000000000.000000     
   3380.0000000000000        130000000000.00000        68000000000.000000     
   3380.0000000000000        130000000000.00000        68000000000.000000     
   3380.0000000000000        130000000000.00000        68000000000.000000     
   3380.0000000000000        130000000000.00000        68000000000.000000     
   3380.0000000000000        130000000000.00000        68000000000.000000     
   3380.0000000000000        130000000000.00000        68000000000.000000     
   3380.0000000000000        130000000000.00000        68000000000.000000     
   3380.0000000000000        130000000000.00000        68000000000.000000     
   3380.0000000000000        130000000000.00000        68000000000.000000     
   3380.0000000000000        130000000000.00000        68000000000.000000     
   3380.0000000000000        130000000000.00000        68000000000.000000     
   3380.0000000000000        130000000000.00000        68000000000.000000     
   3380.0000000000000        130000000000.00000        68000000000.000000     
   3380.0000000000000        130000000000.00000        68000000000.000000     
   3380.0000000000000        130000000000.00000        68000000000.000000     
   3380.0000000000000        130000000000.00000        68000000000.000000     
   3380.0000000000000        130000000000.00000        68000000000.000000     
   3380.0000000000000        130000000000.00000        68000000000.000000     
   3380.0000000000000        130000000000.00000        68000000000.000000     
   3380.0000000000000        130000000000.00000        68000000000.000000     
   3380.0000000000000        130000000000.00000        68000000000.000000     
   3380.0000000000000        130000000000.00000        68000000000.000000     
   3380.0000000000000        130000000000.00000        68000000000.000000     
   3380.0000000000000        130000000000.00000        68000000000.000000     
   3380.0000000000000        130000000000.00000        68000000000.000000     
   3380.0000000000000        130000000000.00000        68000000000.000000     
   3380.0000000000000        130000000000.00000        68000000000.000000     
   3380.0000000000000        130000000000.00000        68000000000.000000     
   3380.0000000000000        130000000000.00000        68000000000.000000     
  -100000000  -100000000  -100000000  -100000000
  -100000000  -100000000  -100000000  -100000000
  -100000000  -100000000  -100000000  -100000000
  -100000000  -100000000  -100000000  -100000000
           2          17           1
           1           6          11          16          21          86          91          96         101         154         159         164         169         222         227         232         237
          -3           1           2
           1  -100000000  -100000000  -100000000  -100000000  -100000000  -100000000  -100000000  -100000000  -100000000  -100000000  -100000000  -100000000  -100000000  -100000000  -100000000  -100000000
          -2          17           3
           1           6          11          16          21          86          91          96         101         154         159         164         169         222         227         232  -100000000
          -1           1           4
          69  -100000000  -100000000  -100000000  -100000000  -100000000  -100000000  -100000000  -100000000  -100000000  -100000000  -100000000  -100000000  -100000000  -100000000  -100000000  -100000000
           4          17           5
           1           6          11          16          21          86          91          96         101         154         159         164         169         222         227         232  -100000000
           9           0           6
  -100000000  -100000000  -100000000  -100000000  -100000000  -100000000  -100000000  -100000000  -100000000  -100000000  -100000000  -100000000  -100000000  -100000000  -100000000  -100000000  -100000000
           8           0           7
  -100000000  -100000000  -100000000  -100000000  -100000000  -100000000  -100000000  -100000000  -100000000  -100000000  -100000000  -100000000  -100000000  -100000000  -100000000  -100000000  -100000000
           7           0           8
  -100000000  -100000000  -100000000  -100000000  -100000000  -100000000  -100000000  -100000000  -100000000  -100000000  -100000000  -100000000  -100000000  -100000000  -100000000  -100000000  -100000000
